{"extrinsic_cam2world":[0.9054902195930481,-0.4200179874897003,-0.060599617660045624,3.2027742862701416,0.42436710000038147,0.8962103724479675,0.12930400669574738,-7.569501876831055,-1.862645149230957e-09,-0.1427999883890152,0.9897515773773193,1.7554247379302979],"fov_h_degrees":75.41691481592885,"frame_idx":1,"img_h":720,"img_w":1280,"time_us":51067110}
{"extrinsic_cam2world":[0.8858393430709839,-0.4592767059803009,-0.06598115712404251,3.752626419067383,0.46399202942848206,0.8768370151519775,0.12596920132637024,-7.2640275955200195,0.0,-0.1422032117843628,0.9898374676704407,1.7489001750946045],"fov_h_degrees":75.21267220841106,"frame_idx":2,"img_h":720,"img_w":1280,"time_us":52064712}
{"extrinsic_cam2world":[0.4396604895591736,-0.8870728611946106,-0.14071424305438995,5.551279067993164,0.8981640934944153,0.4342312216758728,0.0688810721039772,-5.415241241455078,0.0,-0.1566687524318695,0.9876512289047241,1.7690684795379639],"fov_h_degrees":75.07613756483651,"frame_idx":3,"img_h":720,"img_w":1280,"time_us":53065298}
{"extrinsic_cam2world":[0.13042128086090088,-0.9785832762718201,-0.15926438570022583,6.239110946655273,0.9914587140083313,0.12872761487960815,0.02095041424036026,-3.3000988960266113,0.0,-0.16063642501831055,0.9870136380195618,1.7727844715118408],"fov_h_degrees":74.98481939431139,"frame_idx":4,"img_h":720,"img_w":1280,"time_us":54066185}
{"extrinsic_cam2world":[-0.1977686882019043,-0.966892421245575,-0.16126535832881927,6.009189605712891,0.9802486300468445,-0.19507408142089844,-0.03253588080406189,-1.2340257167816162,0.0,-0.16451473534107208,0.9863746166229248,1.7771750688552856],"fov_h_degrees":74.92364322229795,"frame_idx":5,"img_h":720,"img_w":1280,"time_us":55066980}
{"extrinsic_cam2world":[-0.36215436458587646,-0.9196901917457581,-0.15170416235923767,5.270387172698975,0.9321181178092957,-0.35732579231262207,-0.05894138291478157,0.44579562544822693,7.450580596923828e-09,-0.16275207698345184,0.9866669774055481,1.7730170488357544],"fov_h_degrees":74.8827734531222,"frame_idx":6,"img_h":720,"img_w":1280,"time_us":56067169}
{"extrinsic_cam2world":[-0.513756513595581,-0.8466504812240601,-0.13869833946228027,4.425874710083008,0.8579360246658325,-0.5069984197616577,-0.0830565094947815,2.2547624111175537,-7.450580596923828e-09,-0.16166512668132782,0.9868456721305847,1.7704107761383057],"fov_h_degrees":74.85577513578764,"frame_idx":7,"img_h":720,"img_w":1280,"time_us":57051039}
{"extrinsic_cam2world":[-0.754731297492981,-0.6472991108894348,-0.10669755935668945,2.9493398666381836,0.6560339331626892,-0.7446823120117188,-0.12274973094463348,3.982481002807617,-3.725290298461914e-09,-0.1626402884721756,0.9866854548454285,1.767034888267517],"fov_h_degrees":74.83707937032885,"frame_idx":8,"img_h":720,"img_w":1280,"time_us":58068163}
{"extrinsic_cam2world":[-0.9199557304382324,-0.3870396614074707,-0.0623072013258934,1.118188738822937,0.3920227885246277,-0.9082618951797485,-0.14621564745903015,5.269108295440674,1.862645149230957e-09,-0.1589377224445343,0.9872885942459106,1.7646294832229614],"fov_h_degrees":74.82480483669924,"frame_idx":9,"img_h":720,"img_w":1280,"time_us":59068506}
{"extrinsic_cam2world":[-0.9938589334487915,-0.10823433846235275,-0.0230089221149683,-0.9897092580795288,0.11065297573804855,-0.9721351861953735,-0.20666073262691498,5.82845401763916,0.0,-0.20793764293193817,0.9781420826911926,1.90360689163208],"fov_h_degrees":74.81671782807908,"frame_idx":10,"img_h":720,"img_w":1280,"time_us":60053104}
{"extrinsic_cam2world":[-0.9959112405776978,0.08799271285533905,0.020450154319405556,-2.3683865070343018,-0.0903378427028656,-0.9700577259063721,-0.2254485785961151,4.288745403289795,0.0,-0.22637417912483215,0.9740403890609741,1.7964308261871338],"fov_h_degrees":74.81111224909019,"frame_idx":11,"img_h":720,"img_w":1280,"time_us":61070344}
{"extrinsic_cam2world":[-0.9202132225036621,0.38200369477272034,0.08532901108264923,-4.3616251945495605,-0.3914177715778351,-0.8980810642242432,-0.2006063163280487,4.269797325134277,3.725290298461914e-09,-0.21799984574317932,0.9759488105773926,1.8448125123977661],"fov_h_degrees":74.80748311997947,"frame_idx":12,"img_h":720,"img_w":1280,"time_us":62054170}
{"extrinsic_cam2world":[-0.6623914241790771,0.7313145399093628,0.16253313422203064,-6.355180740356445,-0.7491581439971924,-0.6466143131256104,-0.14370867609977722,2.864065647125244,7.450580596923828e-09,-0.21695438027381897,0.9761817455291748,1.8559248447418213],"fov_h_degrees":74.8049681082437,"frame_idx":13,"img_h":720,"img_w":1280,"time_us":63071548}
{"extrinsic_cam2world":[-0.391353964805603,0.8977298736572266,0.20229485630989075,-7.451494216918945,-0.9202402830123901,-0.38178086280822754,-0.08603066951036453,0.9861417412757874,-7.450580596923828e-09,-0.2198283076286316,0.9755385518074036,1.8617260456085205],"fov_h_degrees":74.80333519195547,"frame_idx":14,"img_h":720,"img_w":1280,"time_us":64072209}
{"extrinsic_cam2world":[-0.048958659172058105,0.9652935862541199,0.2565370500087738,-7.609776496887207,-0.9988008141517639,-0.04731619358062744,-0.012574777007102966,-1.1698590517044067,0.0,-0.25684505701065063,0.9664525985717773,1.9210469722747803],"fov_h_degrees":74.8022214166871,"frame_idx":15,"img_h":720,"img_w":1280,"time_us":65073250}
{"extrinsic_cam2world":[0.32446378469467163,0.917645275592804,0.2294568121433258,-7.3656744956970215,-0.9458981156349182,0.31477242708206177,0.07870873063802719,-3.484412431716919,7.450580596923828e-09,-0.24258089065551758,0.9701311588287354,1.8981982469558716],"fov_h_degrees":74.80149571410139,"frame_idx":16,"img_h":720,"img_w":1280,"time_us":66073639}
{"extrinsic_cam2world":[0.45026642084121704,0.8656964898109436,0.21870002150535583,-6.551000595092773,-0.8928942084312439,0.43655121326446533,0.11028546839952469,-5.018974781036377,-7.450580596923828e-09,-0.2449338436126709,0.9695398211479187,1.9019415378570557],"fov_h_degrees":74.80099680054724,"frame_idx":17,"img_h":720,"img_w":1280,"time_us":67074543}
{"extrinsic_cam2world":[0.5272089838981628,0.8240407705307007,0.20738264918327332,-5.678938388824463,-0.8497357368469238,0.511266827583313,0.12866826355457306,-6.568838596343994,7.450580596923828e-09,-0.24405549466609955,0.9697612524032593,1.9005205631256104],"fov_h_degrees":74.800669234132,"frame_idx":18,"img_h":720,"img_w":1280,"time_us":68047390}
{"extrinsic_cam2world":[0.9613364338874817,0.2677295207977295,0.06444508582353592,-3.516957998275757,-0.2753766179084778,0.9346405863761902,0.2249770164489746,-8.375473022460938,0.0,-0.2340252697467804,0.9722304940223694,1.884460687637329],"fov_h_degrees":74.80044245881786,"frame_idx":19,"img_h":720,"img_w":1280,"time_us":69076261}
{"extrinsic_cam2world":[0.9999590516090393,-0.00890209898352623,-0.0016188693698495626,-1.4602711200714111,0.0090480986982584,0.9838236570358276,0.17891083657741547,-8.824456214904785,5.820766091346741e-11,-0.17891816794872284,0.9838639497756958,1.8089799880981445],"fov_h_degrees":74.80029631534856,"frame_idx":20,"img_h":720,"img_w":1280,"time_us":70047687}
{"extrinsic_cam2world":[0.9392839074134827,-0.34064579010009766,-0.04130630940198898,0.7686300277709961,0.34314101934432983,0.9324536323547363,0.11306824535131454,-8.477777481079102,0.0,-0.1203770712018013,0.9927282333374023,1.7046399116516113],"fov_h_degrees":74.80021064526566,"frame_idx":21,"img_h":720,"img_w":1280,"time_us":71062437}
{"extrinsic_cam2world":[0.8322396278381348,-0.5543433427810669,-0.008986210450530052,2.5604000091552734,0.5544161796569824,0.8321302533149719,0.01348929014056921,-7.45460844039917,0.0,-0.01620842143893242,0.999868631362915,1.5358026027679443],"fov_h_degrees":74.80014009355848,"frame_idx":22,"img_h":720,"img_w":1280,"time_us":72046991}
