{"extrinsic_cam2world":[0.5394754409790039,-0.8352651596069336,-0.10629401355981827,6.119838237762451,0.8420013189315796,0.5351594686508179,0.06810321658849716,-6.265569686889648,0.0,-0.12623971700668335,0.9919997453689575,1.7118866443634033],"fov_h_degrees":74.8000141086497,"frame_idx":0,"img_h":720,"img_w":1280,"time_us":757459012}
{"extrinsic_cam2world":[0.5394754409790039,-0.8352651596069336,-0.10629401355981827,6.119838237762451,0.8420013189315796,0.5351594686508179,0.06810321658849716,-6.265569686889648,0.0,-0.12623971700668335,0.9919997453689575,1.7118866443634033],"fov_h_degrees":74.8000141086497,"frame_idx":1,"img_h":720,"img_w":1280,"time_us":758716204}
{"extrinsic_cam2world":[0.5515629053115845,-0.8268206119537354,-0.11020892858505249,5.3662309646606445,0.8341332674026489,0.5467274785041809,0.07287462800741196,-5.8270368576049805,-3.725290298461914e-09,-0.13212387263774872,0.991233229637146,1.7213048934936523],"fov_h_degrees":74.8000141086497,"frame_idx":2,"img_h":720,"img_w":1280,"time_us":759477467}
{"extrinsic_cam2world":[0.5299112796783447,-0.8408535718917847,-0.11026869714260101,4.968257904052734,0.848052978515625,0.5254126787185669,0.06890209019184113,-4.550082683563232,-3.725290298461914e-09,-0.1300256997346878,0.9915106296539307,1.7179592847824097],"fov_h_degrees":74.8000141086497,"frame_idx":3,"img_h":720,"img_w":1280,"time_us":760461554}
{"extrinsic_cam2world":[0.3751063346862793,-0.9191423654556274,-0.12030158936977386,5.401288986206055,0.9269818067550659,0.37193411588668823,0.048680443316698074,-2.8063464164733887,0.0,-0.129777729511261,0.9915431141853333,1.717544436454773],"fov_h_degrees":74.8000141086497,"frame_idx":4,"img_h":720,"img_w":1280,"time_us":761478782}
{"extrinsic_cam2world":[-0.05410575866699219,-0.9840606451034546,-0.16940318048000336,5.260402202606201,0.9985352754592896,-0.0533214807510376,-0.009179100394248962,-0.6086084246635437,0.0,-0.16965168714523315,0.9855040907859802,1.7814399003982544],"fov_h_degrees":74.8000141086497,"frame_idx":5,"img_h":720,"img_w":1280,"time_us":762462724}
{"extrinsic_cam2world":[-0.49683690071105957,-0.8514163494110107,-0.16805699467658997,4.585202217102051,0.8678438663482666,-0.48743224143981934,-0.09621192514896393,1.7578814029693604,-7.450580596923828e-09,-0.19364885985851288,0.981070876121521,1.819838047027588],"fov_h_degrees":74.8000141086497,"frame_idx":6,"img_h":720,"img_w":1280,"time_us":763479465}
{"extrinsic_cam2world":[-0.7103743553161621,-0.6878412365913391,-0.1491389274597168,3.2947068214416504,0.7038238644599915,-0.6942429542541504,-0.1505269855260849,3.2006595134735107,-7.450580596923828e-09,-0.211898073554039,0.9772917628288269,1.8490369319915771],"fov_h_degrees":74.8000141086497,"frame_idx":7,"img_h":720,"img_w":1280,"time_us":764480153}
{"extrinsic_cam2world":[-0.8900792598724365,-0.4442448318004608,-0.10200691968202591,1.5896105766296387,0.4558057487010956,-0.8675036430358887,-0.1991950422525406,4.226566314697266,0.0,-0.22379471361637115,0.9746363162994385,1.8680715560913086],"fov_h_degrees":74.8000141086497,"frame_idx":8,"img_h":720,"img_w":1280,"time_us":765464320}
{"extrinsic_cam2world":[-0.9625042676925659,-0.26446738839149475,-0.060352303087711334,-0.33299362659454346,0.27126631140708923,-0.9383804798126221,-0.21414142847061157,5.053895473480225,1.862645149230957e-09,-0.22248360514640808,0.9749364256858826,1.865973711013794],"fov_h_degrees":74.8000141086497,"frame_idx":9,"img_h":720,"img_w":1280,"time_us":766481274}
{"extrinsic_cam2world":[-0.9997291564941406,-0.022673647850751877,-0.005245355423539877,-2.093186140060425,0.023272473365068436,-0.9740049839019775,-0.22532778978347778,4.311306953430176,0.0,-0.22538882493972778,0.974268913269043,1.8595150709152222],"fov_h_degrees":74.8000141086497,"frame_idx":10,"img_h":720,"img_w":1280,"time_us":767465128}
{"extrinsic_cam2world":[-0.978474497795105,0.19969728589057922,0.052043646574020386,-4.163521766662598,-0.20636749267578125,-0.9468481540679932,-0.24676066637039185,4.35806941986084,-1.862645149230957e-09,-0.25218915939331055,0.9676779508590698,1.9044562578201294],"fov_h_degrees":74.8000141086497,"frame_idx":11,"img_h":720,"img_w":1280,"time_us":768482659}
{"extrinsic_cam2world":[-0.7111835479736328,0.6912165880203247,0.1282106637954712,-6.458809852600098,-0.7030066251754761,-0.6992563009262085,-0.1297018975019455,3.149327039718628,0.0,-0.1823747605085373,0.9832291007041931,1.80111825466156],"fov_h_degrees":74.8000141086497,"frame_idx":12,"img_h":720,"img_w":1280,"time_us":769466881}
{"extrinsic_cam2world":[-0.1442633867263794,0.9717012643814087,0.18704143166542053,-7.66855525970459,-0.9895392656326294,-0.1416628360748291,-0.027268491685390472,0.6960388422012329,0.0,-0.18901869654655457,0.9819734692573547,1.8123624324798584],"fov_h_degrees":74.8000141086497,"frame_idx":13,"img_h":720,"img_w":1280,"time_us":770484724}
{"extrinsic_cam2world":[0.045649051666259766,0.9794715642929077,0.1963455229997635,-7.773465156555176,-0.9989575147628784,0.044758617877960205,0.008972331881523132,-1.3175636529922485,0.0,-0.1965504139661789,0.9804937243461609,1.82447350025177],"fov_h_degrees":74.8000141086497,"frame_idx":14,"img_h":720,"img_w":1280,"time_us":771468219}
{"extrinsic_cam2world":[0.49029916524887085,0.8559226393699646,0.16432622075080872,-7.0999321937561035,-0.8715541958808899,0.48150551319122314,0.09244291484355927,-3.688070774078369,7.450580596923828e-09,-0.188543900847435,0.9820647835731506,1.8116695880889893],"fov_h_degrees":74.8000141086497,"frame_idx":15,"img_h":720,"img_w":1280,"time_us":772469211}
{"extrinsic_cam2world":[0.6804693937301636,0.7226405143737793,0.12145861983299255,-5.88929557800293,-0.7327765226364136,0.671056866645813,0.11278863251209259,-5.204177379608154,0.0,-0.16575123369693756,0.9861676096916199,1.7751983404159546],"fov_h_degrees":74.8000141086497,"frame_idx":16,"img_h":720,"img_w":1280,"time_us":773486347}
